[-115897 -447651 -246384  -36731  146921 -460933  252776  -47758 -355246
  168833  288036  359866 -518712 -391689  381207 -277186   69273  401267
  368788   -8092  496450 -320311  450426 -322257  251167  343181    9161
   19219  -64570 -422835 -274976  214971 -403171 -467487  358592 -440836
 -299863  149764  468198   52475 -183611  189458   -2914 -129342 -506872
  220983 -248421 -457790 -231604 -201417   31078  366365  159308   88304
  426648 -386025  113464 -455485  249174 -467031  -29887  397654 -220920
 -328361   92659 -475803  235028 -426226 -516179  446074  -76921 -322446
  -41526 -468168   71509 -386376  -62428 -377329 -320205 -177337 -339287
 -309510 -204448   -8317  375680   76269  178291   27129 -287042   -8763
  340724 -239033  -28583 -439336  323989  413584  452934  457700  -42057
 -369207 -279216   81193 -326516 -285353  511508  283064  207316   43770
 -341797 -411256 -332588  105577 -174459 -217878 -241954   85060  329662
   39885  -61561 -407501   13051  338364  -45194  -50322  201283 -243520
   73288  273851 -261061  379805 -343992   -7359   53917  -78846  147341
  296406   76309 -489140  437574  341725  236369 -357711  248744   51115
  187041  233570  103329  451137 -491731  402481 -374411  -38880  155517
 -426554  390215  500759 -278076  165820 -251836 -277993  207081  203468
  300664  472389  152798 -420790 -336954  465302 -379285  155605 -130353
 -423679  374330  -93372 -392678   12191 -223951 -524178  138551 -439878
  432161 -465173   94943  197904  343138  348867 -177331 -345453   81979
 -451315 -198416  -24468 -166503  121537 -335098 -400230  183337   34459
 -231751  297676 -411562  336003  328738 -349811  327908  -99908  159657
 -415590  254583 -371797  397673  426479  392275  503779 -219051 -350467
  -55449  500023  -86000  341884 -110564 -232604 -212815  285625 -442106
 -219951  124976   27869  442938  137536 -330467  -22519  366295   59143
   45710   44497 -205227  -45062  348110 -435132  256467 -399227 -419861
 -460595 -287300  313837 -406979  -37913 -375009 -357970 -204046  367101
  173040  -31637 -225157 -209322]