[0.07527914 0.67334377 0.85524622 0.6680927  0.95630944 0.00452181
 0.70138444 0.23540894 0.70051681 0.16248459 0.62237507 0.74609411
 0.82685822 0.50603118 0.28818853 0.35516554 0.78436731 0.65159107
 0.47638802 0.83473929 0.79518547 0.64476379 0.74977124 0.39275826
 0.32412729 0.61648049 0.26974044 0.11623518 0.47011501 0.80639335
 0.46219404 0.86001953 0.08634455 0.79057496 0.94001377 0.47185441
 0.09826768 0.8985796  0.67747169 0.80705385 0.19313211 0.58591247
 0.49814049 0.44831997 0.67437283 0.35081039 0.32848471 0.15768082
 0.68592144 0.34392872 0.60710194 0.23677841 0.42343022 0.06110548
 0.99349166 0.46395327 0.24099815 0.92011934 0.08724438 0.32084863
 0.34829924 0.45329564 0.81249672 0.5420774  0.63142204 0.18531572
 0.02391367 0.44632253 0.2950271  0.56944202 0.65480036 0.39265655
 0.31059083 0.5447366  0.3379868  0.82588109 0.46822049 0.31497308
 0.15069531 0.15232223 0.1309668  0.10406173 0.69215646 0.41348299
 0.1989279  0.17224853 0.56824048 0.28663677 0.41698342 0.09669996
 0.70657967 0.80218798 0.70283909 0.72071084 0.79983586 0.12485138
 0.81038308 0.00335691 0.35699502 0.97447944 0.23565575 0.52566014
 0.85656912 0.96710412 0.39064506 0.5008987  0.55843102 0.56574078
 0.84585653 0.70620518 0.15652712 0.01152835 0.18937276 0.30101745
 0.73999828 0.38137814 0.55990059 0.52636693 0.43406463 0.04228962
 0.54385941 0.81283582 0.73938487 0.14212014 0.78884844 0.04503672
 0.16044331 0.49551277 0.08107626 0.82726001 0.78851541 0.48322069
 0.5565499  0.3378245  0.34921336 0.81843801 0.48846043 0.42649136
 0.57957356 0.37898155 0.2102947  0.63551911 0.77928261 0.02622601
 0.01631473 0.64700436 0.87193055 0.72580016 0.08865125 0.9075793
 0.12833264 0.67480889 0.32117988 0.9375277  0.81995348 0.91236788
 0.67353265 0.67189073 0.40604823 0.31291677 0.07549867 0.79058093
 0.47932744 0.08913527 0.92906314 0.36850795 0.57421768 0.8372507
 0.40074837 0.23815223 0.61786717 0.38491275 0.88552767 0.3369017
 0.08732835 0.91906769 0.56271959 0.30469545 0.17325853 0.01118535
 0.85016666 0.58533723 0.83906325 0.23094925 0.76037901 0.50117171
 0.31772316 0.91010921 0.59455152 0.26607532 0.85411502 0.43344471
 0.9347584  0.05869437 0.57429306 0.02478832 0.57662184 0.97057368
 0.44585932 0.85456346 0.13594856 0.66244859 0.27392478 0.31562714
 0.87156621 0.1187969  0.18803248 0.63500225 0.4870166  0.54763548
 0.85975693 0.5554461  0.8701985  0.72059693 0.32376804 0.89661807
 0.17669548 0.17554907 0.71879295 0.16537245 0.69625275 0.0255484
 0.18453913 0.56769865 0.11454663 0.99861912 0.46617939 0.63645821
 0.0590197  0.728748   0.82268792 0.43892574 0.68786741 0.77653408
 0.661814   0.96181665 0.16160363 0.85429066 0.91382529 0.24765607
 0.38283648 0.60738352 0.23910404 0.61992879 0.7522629  0.28511781
 0.75490528 0.61564332 0.61990727 0.59358171 0.52519804 0.7473491
 0.0633104  0.12031452 0.44172378 0.06080526]